DT1

[0.0008307146459207368, 0.000977220632360963, 0.0008631001797654164, 0.001500015678710831, 0.002848384810053707, 0.0015683851390496037, 0.0018634533363011546, 0.00189686698233138, 0.002107629980368196, 0.0026844009164591967, 0.0024232604213306475, 0.0027445454793136037, 0.0029362884019178415, 0.0031151799222027543, 0.0033274850885178925, 0.0034924970942979416, 0.0037012038679636733, 0.004164368407551897, 0.004017348365018894, 0.004252271999416024, 0.004729830109601901, 0.004810022860074439, 0.004629589171511225, 0.005383195403516061, 0.00538370945960881, 0.0059435165446383165, 0.0053821672913305085, 0.006142970308634144, 0.006610761353057326, 0.007354600519299481, 0.007457925793946774, 0.00763321892158228, 0.007340721004794604, 0.007431194877122599, 0.007941138521153135, 0.008299435617815737, 0.008614552002685433, 0.008419724743524565, 0.008535901420491182, 0.0093815236931023, 0.008633572078118046, 0.009042246671872312, 0.01008321025973713, 0.0093522224958143, 0.00994647133905957, 0.01005545123072743, 0.010074985362252764, 0.010595210128138799, 0.011600703845602245, 0.01174309738330026, 0.011482470944264522, 0.011687579325280806, 0.011893201762389893, 0.012112703714003858, 0.011463450868831881, 0.013652301711858217, 0.013061137205169548, 0.012978374174233143, 0.012976832005954841, 0.013642020590002746, 0.013527900137407123, 0.013319707419834237, 0.014798132742648629, 0.013383964431430861, 0.013893394019368621, 0.01479710463046302, 0.014532879798777931, 0.015180590475671552, 0.015421168727089207, 0.015532204843128117, 0.015529634562664207, 0.01519549810236187, 0.016143417537434868, 0.01656391542132296, 0.017140686357413948, 0.01650942547548906, 0.016865152291687724, 0.018179593720907716, 0.017075401233631826, 0.018089119848579638, 0.0174362686107582, 0.01871832450613342, 0.01856770607095104, 0.018539947041941285, 0.019369119519583755, 0.01947398696250946, 0.020297504823131307, 0.019713537101741396, 0.01903909550802374, 0.02028002691597708, 0.020295962654852895, 0.020316010842471144, 0.019911448697458978, 0.021429970395509645, 0.020935962490354898, 0.021684942217524927, 0.02139141618855178, 0.02136005876689251, 0.0228441387067273]

DT2

[0.0023101680809203273, 0.0014285618818155044, 0.0017647545664889464, 0.0025337824812767806, 0.0023183929784051927, 0.0029383446262887247, 0.003094617678491396, 0.003457541279988874, 0.0045447699162037836, 0.004003982906606751, 0.0044296213514227745, 0.004509300045802078, 0.005030552923874332, 0.0054320307323294514, 0.005703966405405936, 0.005969733405369659, 0.006566552529079672, 0.007349974014465133, 0.007489797271698073, 0.007295484068630564, 0.007584383592768695, 0.007952961811287018, 0.009129636207643621, 0.009311098008392804, 0.009708463368105491, 0.012915659330914764, 0.010979724085532716, 0.010924720083605344, 0.01248128193252196, 0.012018117392933902, 0.012175932613414986, 0.01384096029790527, 0.014125233317209052, 0.013909329758243771, 0.014890148783254453, 0.014545217145005118, 0.014606903876137167, 0.015007353572406679, 0.01599948183145905, 0.015546084357633383, 0.01770254966681506, 0.018941424850396515, 0.016955626164015136, 0.018433023374644364, 0.020007577186807346, 0.018896701970325225, 0.019533617469270403, 0.018988203954839022, 0.02298807441270423, 0.02155282980168227, 0.022429809495952746, 0.02382238745127374, 0.023929311118570773, 0.022623094586834647, 0.023563817236609275, 0.02448911820359978, 0.02529978466190297, 0.024706563930842584, 0.024970788762527896, 0.026944250102682865, 0.026954017168445255, 0.025750611855264616, 0.028307526860715804, 0.02822270760540846, 0.029065245541462836, 0.03039099620472374, 0.028735735585995847, 0.03122273896283101, 0.029962787479443698, 0.03137232928582723, 0.03214032908842945, 0.03230842543076573, 0.03372516402244763, 0.03341570225459911, 0.03333859384068205, 0.03534032826593947, 0.03545547683072048, 0.0379481348245756, 0.035238031103477674, 0.03735234381305208, 0.0361674445192115, 0.035854384358712466, 0.03721097838753984, 0.03754974135267641, 0.03975092954192938, 0.03808641591353101, 0.03940651195977196, 0.039452777008121664, 0.039705692605766174, 0.04034312216080416, 0.0413188006248868, 0.044255089026804306, 0.042188583533858015, 0.04317248689542552, 0.042696985009611055, 0.04500149847351054, 0.0429416757097707, 0.04414251074248732, 0.042753531179814175]

NN1

[0.5911002496770443, 0.043230575233908386, 0.590791816021381, 0.08012129667565082, 0.7021852010447676, 0.36154695928110225, 0.429081078469121, 0.2627834184010496, 0.9217370160997227, 0.3698201780381867, 0.571132768865473, 0.2536810271663219, 0.4584156894031972, 1.1133144126420778, 0.7378941075292254, 1.3152906498851333, 0.420362173079603, 0.4510436109767415, 0.3820511146535299, 0.9727622238683438, 0.739948789732038, 1.5886553988998173, 0.7326851771411604, 0.33345585003544187, 1.397866564403774, 1.3640997618378137, 1.059406892361281, 1.39421316775244, 0.9755859339859434, 0.8767252365043561, 0.9707877344160032, 0.9311370458121644, 0.9218495943840388, 2.7535985211634326, 0.8690498649831682, 1.2762167322173852, 0.8790004487709666, 1.157707268701742, 0.993930539712629, 0.9427290107041912, 1.2517240156211358, 1.0634545700357734, 1.5046930750989702, 1.2271876042570042, 2.686715196988864, 1.1298721593902883, 0.4662848600713616, 0.5920363458219811, 1.286781098979958, 1.8698158085613983, 0.5595125308883482, 1.5442604866157836, 0.6374999807228932, 2.0862879135645542, 2.6573533410818726, 0.9370085945038156, 1.9754157814192368, 1.2962659479477097, 2.212209551881884, 1.923150156298746, 2.477427025882207, 1.0696715644217534, 2.10434927438412, 1.9934648048925823, 0.36432080595770344, 1.809178779970111, 1.270869006684265, 1.2589701503048616, 1.3704051738717595, 1.1472709019062677, 2.682597093629667, 1.6823117924981688, 1.0964914129500016, 1.8650844362835102, 2.6428590154900604, 2.0495483246140935, 1.9927641464381338, 1.2151586916861135, 1.7491370283342604, 1.9274918740583047, 1.6712585583913722, 2.6460019544412745, 1.31477248134361, 1.649638387241552, 1.0088104073740283, 2.9042863539183656, 3.601659989934788, 2.879870231679945, 0.9755638295739573, 3.8043888052976484, 2.6579224011765774, 2.6445667098302437, 2.5619316788609297, 2.2122141783867164, 2.301324259900582, 2.9053160082721945, 2.11582609071138, 2.5443879725267777, 2.6326843032457816]

NN2

[0.011397137632854992, 0.02125005076302955, 0.021752797621786613, 0.1263174615087621, 0.09203403256955767, 0.03385933266267216, 0.11670461257389775, 0.11813780096056803, 0.046822285154121346, 0.13980269499046472, 0.12736767810631022, 0.15501412883170929, 0.12855668984889235, 0.22349770962307502, 0.11170233273514896, 0.20829090228664882, 0.145513344125078, 0.4149913150223199, 0.16136272157746134, 0.33183554523103, 0.23684054956709133, 0.22033420842814166, 0.24805468323091873, 0.10457134661621126, 0.3155044972197061, 0.12183694860416949, 0.14999899759061464, 0.24714686017108534, 0.3633261074181746, 0.46577080397858595, 0.272583897809767, 0.15861920421031073, 0.20741957720940718, 0.428492484242895, 0.2823668993113131, 0.5545842751269277, 0.37790113981657214, 0.19907336248715524, 0.25091591944328684, 0.3406701132414298, 0.4159597967010882, 1.1843780409630824, 0.8212698933282354, 0.5266278485775615, 0.5025952121843602, 0.31225463460120295, 0.44389052044581945, 0.3161444970552054, 0.8670337369873096, 0.6862931569366992, 0.9046909160633732, 0.5402323430728018, 0.37605567844352095, 0.3710755030167263, 0.6386314181830812, 0.3768406420971644, 0.45109193224945443, 0.6061780289341527, 0.4988780725775257, 0.44333636797779263, 0.5333604412246302, 0.5087736523634021, 0.7820468993935776, 0.529166257563702, 0.6423310798827799, 0.8627783806513492, 0.5237393673922952, 0.4176165994880989, 0.5160562850296913, 0.7130538890142759, 1.0160478031041578, 0.6915930752531949, 0.9333947801716249, 1.7746537446673187, 1.3189311951341551, 0.42872946410165014, 1.0989290669419063, 1.0356909145212114, 1.252654457149049, 0.565968047301368, 0.9019417440792381, 0.946584431399998, 0.553290395941417, 0.4699968591172592, 2.001771951351799, 0.4654412940230941, 0.4786838930290287, 1.5121386635466934, 0.7949682133415195, 0.750621108274089, 1.2386166133676113, 0.7587323993619464, 0.6432126860818812, 0.5767621971374126, 0.7618712258644393, 0.9624929253030245, 0.831911882560803, 1.0266666598125767, 0.783512987370159]

Boosting1

[0.0018485457096107383, 0.0030288184986169697, 0.0016583449552848295, 0.0063444802970010206, 0.002366714251125668, 0.04586716893373971, 0.04832178677672949, 0.053167279507205345, 0.05632512608510809, 0.058318635612880865, 0.06518899529278832, 0.06563005542038736, 0.07013010245651996, 0.07489231809996644, 0.07817405219622753, 0.08380348046818176, 0.08836675640372538, 0.09213273133937827, 0.09377668272406559, 0.0988272838355575, 0.10170188550634274, 0.10516508140335268, 0.11265179433849459, 0.11633449218711833, 0.11742172082333302, 0.12845028023767924, 0.12820199114486952, 0.1279213165182158, 0.13323665651748584, 0.1332710982757015, 0.13731260727708072, 0.1426402846225776, 0.14989258797941485, 0.15082662789998347, 0.15195343885534074, 0.1586675254830454, 0.16030890658726937, 0.16380140368156715, 0.16791745081639808, 0.1818756159034569, 0.19832129842344148, 0.19897671994172672, 0.19828377232866945, 0.1917665691844963, 0.19021514789650862, 0.19512129924593058, 0.19155117968162472, 0.2017731850864104, 0.2016349039974541, 0.20994976129805298, 0.20855615523054638, 0.21420357546574742, 0.21791917290430884, 0.21701854662977116, 0.22729452792429772, 0.22727705001714416, 0.23017221393164, 0.22769600573275284, 0.2378018344605728, 0.2424077770518167, 0.24434628257766278, 0.24573166374768363, 0.28036362271778437, 0.2659628553348501, 0.2578155803204929, 0.2632203660799064, 0.27224821918117925, 0.27164214704780143, 0.2682504049476879, 0.2781033180778625, 0.2816580159593851, 0.2857925691135552, 0.282319606150784, 0.290577917281178, 0.29381904094610967, 0.29665868680258534, 0.30336814692545744, 0.30235082991785944, 0.3066632464801291, 0.307258009379467, 0.3148891720766791, 0.3160694448656862, 0.32111747569671145, 0.323115611729321, 0.330774533455541, 0.32963178676130767, 0.333647592958048, 0.34090503687581375, 0.343432650683976, 0.34453067449814156, 0.3511234438879498, 0.35230680101351197, 0.35267178083938333, 0.36195974632359906, 0.36171916807218096, 0.3634906053678755, 0.3672087730869009, 0.366624805365511, 0.3844075477827964]

Boosting2

[0.0023877905509266384, 0.045397835721033175, 0.048299168308659546, 0.0562336241005994, 0.06196329331064021, 0.0679808339326371, 0.07574308093350623, 0.08291416342768798, 0.08981639458534119, 0.0964266418823172, 0.1022092588699195, 0.11176042107362605, 0.11420989835569628, 0.12888928414091083, 0.13508057572225596, 0.13936369108724023, 0.14881821074551738, 0.15585563865558072, 0.16453290550157362, 0.1687414827331395, 0.1779235526622358, 0.1856719201485646, 0.1940695404801147, 0.20331997986957617, 0.20878491019183798, 0.21679287600503017, 0.22497562088980771, 0.23108569160848447, 0.23988376163632097, 0.2467530932040063, 0.2590667928503194, 0.2631499403952091, 0.27025573776558076, 0.2795097755476661, 0.2862485368678449, 0.2989169352181307, 0.30465123093301827, 0.30853235443345284, 0.31669607924277443, 0.3199474840295693, 0.29557300033465594, 0.3419850687267285, 0.34819846472009885, 0.35888723305708936, 0.3696304913399331, 0.37472992778026537, 0.37829233650316496, 0.37209024974384874, 0.36355126398683524, 0.40375816128303654, 0.3824906326128712, 0.4181954266485661, 0.42553100709241676, 0.43093116634702255, 0.4413629066376359, 0.4477587925439366, 0.4557395133842306, 0.46817195998792727, 0.47516517907402545, 0.48256501652946326, 0.4949887241796205, 0.49472861179665983, 0.5070001588433399, 0.5096069372897887, 0.5224758175162378, 0.5234360742975355, 0.5297527955655426, 0.5392170822895821, 0.5535746689607208, 0.5653845936360824, 0.5759916270543783, 0.5817876095003953, 0.5811018586726107, 0.5875964433487013, 0.5989509143258545, 0.6033645999384305, 0.6101850961773323, 0.621759583162202, 0.6256468753357467, 0.6350253146922853, 0.6409030320570537, 0.683227840455487, 0.6950315964577385, 0.7006111612887196, 0.7105977290029841, 0.7228600230399707, 0.7214741278138774, 0.7314596674160043, 0.741094106706754, 0.7971832810452497, 0.8482218542722819, 0.8565505910873981, 0.8519749778056109, 0.8760477105740847, 0.8717296393948004, 0.8980020181842292, 0.904946401941487, 0.9370240161865979, 0.9252428786524547]

SVM1 sigmoid

[0.0017884011467563243, 0.0021343608971923778, 0.0028041759860752413, 0.003892432734475093, 0.0047426815119211985, 0.005519420268100816, 0.006795821546455527, 0.008509684559759756, 0.009329604027732308, 0.009603595925180175, 0.013291434334731733, 0.014167899972909237, 0.01346518529408891, 0.0151019398934773, 0.019357296229449927, 0.019349071331965617, 0.021803689174955454, 0.024590901309969104, 0.025733133948110165, 0.030708168813964654, 0.031579493891214394, 0.033641886935418586, 0.03352828053891577, 0.037907010337153935, 0.03889913859620542, 0.04007375676819103, 0.0435564867967263, 0.048224630175195404, 0.04884766615963598, 0.05126630007613153, 0.06616672998124207, 0.056750764529924114, 0.0608930285254865, 0.06212265069939904, 0.06406783895445112, 0.06603975812632723, 0.06979596599621751, 0.07282632666311284, 0.07765948204736217, 0.08227776198483228, 0.08275326387064696, 0.08970690063758391, 0.08717774466114192, 0.0976593483927779, 0.0988128902649601, 0.10206686533221143, 0.10640190036256358, 0.10716578771642382, 0.11535007476945891, 0.12223277179559267, 0.12221477983234585, 0.1253140240156725, 0.13354200583659326, 0.13899871126137553, 0.13473718625228948, 0.14283922433048035, 0.15731041739812568, 0.15574357442735431, 0.15922424823151848, 0.16906585212765268, 0.16437560433719423, 0.17142485553738673, 0.17573470181919326, 0.1839868442764736, 0.18787927701094898, 0.19457845601196322, 0.19715182081238325, 0.20279153020619312, 0.21004537573130921, 0.22040874656160714, 0.22753767645617984, 0.2306389768638777, 0.2446901861037265, 0.2410588938643805, 0.25009085941439757, 0.2582026645583513, 0.260937442971902, 0.26319312110698867, 0.2706664685837197, 0.27158714304587406, 0.28559260129346775, 0.29198900125583904, 0.2924727280391384, 0.305329784975477, 0.30729861981079765, 0.3187708096332056, 0.3183924643489249, 0.3336702114261314, 0.33679104596535403, 0.34059557510796523, 0.3476479106447137, 0.35740315311726256, 0.3564670569723223, 0.3646359223425737, 0.3751093011767246, 0.38677888853875864, 0.4037514785538381, 0.40087841905133104, 0.40471584778387815]

SVM2 sigmoid

[0.006202086759287795, 0.008188399501761978, 0.012142004911311233, 0.019204107513758117, 0.02399870869106735, 0.0280612939922662, 0.029721181115860418, 0.04014572462119759, 0.04924400340712509, 0.055088307125913616, 0.0670195490391734, 0.06886501041219617, 0.08257283018213002, 0.0817056175536095, 0.08951669988329058, 0.09908739621852192, 0.11288311958026043, 0.12028141486746335, 0.11961211383464843, 0.13628552320369636, 0.1439675774540774, 0.1715759880286214, 0.16786707331931439, 0.1871806747809046, 0.2039661483781856, 0.20466732088868866, 0.2193832046565376, 0.24487113384839176, 0.253274922853052, 0.2652837872362852, 0.2915078447530277, 0.2918368406523655, 0.3080311497429875, 0.323580318437223, 0.3464563286216844, 0.35996212434707786, 0.37881358938119547, 0.38733458317500435, 0.41741920194846216, 0.433084547319595, 0.46864643376159165, 0.48884986631969696, 0.48692678247670074, 0.511344960939482, 0.552923873947293, 0.5663777500073479, 0.5581924348421126, 0.5946390118196518, 0.6048970011509596, 0.6360765594019995, 0.6819606921868058, 0.7016084301087062, 0.7125033349389014, 0.7461421375377313, 0.798235039811118, 0.8366951745040865, 0.8509036849083031, 0.8771812042586475, 0.9274651431414895, 0.9859611281063962, 0.9910271509006634, 0.989401705535272, 1.0167561723999938, 1.0569610134718914, 1.080904204104968, 1.1092358916019975, 1.161842335912013, 1.1946350021821672, 1.2120311744176888, 1.218661983958384, 1.2674541320599815, 1.3017596654111685, 1.3348854400294385, 1.3665595202417649, 1.4243281158353511, 1.4412755171018716, 1.4518789521275153, 1.4802682139069816, 1.5252301300613453, 1.5988357657610663, 1.6099450319819653, 1.6375549847248294, 1.6597668344374483, 1.7168193498937967, 1.7554779102385965, 1.7418610783971644, 1.871050571296223, 1.8642059144210066, 1.9632151741133725, 1.9664362495906857, 1.9955652380876927, 2.0353567780609296, 2.062975469757305, 2.087527302804233, 2.136832992942516, 2.195217427735315, 2.1836501375357216, 2.2704171513786946, 2.3037141066758977]

SVM1 rbf

[0.003127003212341606, 0.0041412358833667895, 0.005489090958633369, 0.008089700731972016, 0.009831322774260798, 0.01212452700411859, 0.015501361477561204, 0.016904734610847072, 0.019033440891007558, 0.020991994604457886, 0.025127061814743, 0.029805486315041207, 0.03096468280426734, 0.036384376190369494, 0.03951703401972395, 0.04264352317596831, 0.04580753842699892, 0.05107404309742947, 0.05470430722459696, 0.061373670972244554, 0.061253895902609656, 0.07381125813685685, 0.07834214853858157, 0.07947358599875542, 0.08517858051635585, 0.08908129437267576, 0.09515589522098367, 0.1004984801931812, 0.10306362009609416, 0.1137056093286617, 0.12245330185939451, 0.12503232127684782, 0.13790325772768597, 0.1342102787571946, 0.14514733618705122, 0.1543931490716659, 0.16716333052829668, 0.17854864487102873, 0.16592959590565215, 0.18521749456257908, 0.18477180793013304, 0.1940546328534083, 0.20718722385549881, 0.2193868030491899, 0.2234678943696906, 0.23073921780195406, 0.23716903141036028, 0.25969805373222243, 0.2625808803005043, 0.260075884960429, 0.27802415343956, 0.2825560719534508, 0.2820265941778928, 0.30505065251711017, 0.3207961906387311, 0.31967760458084626, 0.32829267063962675, 0.34784222384777763, 0.3443019195368322, 0.3642796814702649, 0.3809679984660477, 0.3886731852406342, 0.40000298152531855, 0.4040182736659972, 0.4371959679496342, 0.4399600475604757, 0.4484316919693754, 0.45417832503048317, 0.46548036228617207, 0.46585973568264194, 0.4869622523470696, 0.49711845857197545, 0.5166746945093053, 0.5381956528332523, 0.5414316359372435, 0.5511416414736345, 0.5681646089857963, 0.5825299064983369, 0.5881099853853868, 0.6262678550958185, 0.6272759190937336, 0.6342696522359006, 0.6485002670521567, 0.6723452729714836, 0.6739383328030044, 0.6981729932406608, 0.6929100869628542, 0.7226374367517963, 0.7471244987310399, 0.768467593646875, 0.7759630455356046, 0.8051424115296584, 0.8178257175066506, 0.8259364945384107, 0.8246873382329625, 0.855068053315847, 0.904926353753865, 0.8904114659183335, 0.9357681771519708]

SVM2 rbf

[0.022514114695184162, 0.033505148014739916, 0.0433128242087264, 0.07447798888921398, 0.09660450529042919, 0.12164777596200338, 0.14598319139383875, 0.15666116455292922, 0.19111628822713556, 0.23413815668737925, 0.22177922010496331, 0.2667560438859482, 0.3306095214497873, 0.3349234801802936, 0.373983004277477, 0.3779741357816988, 0.45091612506575984, 0.46238163215895156, 0.514698148832565, 0.5429105753161707, 0.6330400300619772, 0.6799589577615848, 0.7087836250515807, 0.7543140872446088, 0.8184487534911113, 0.8576172574798875, 0.9662470769485481, 0.9493479969547707, 1.0102101821146903, 1.0638031000666501, 1.098551235713785, 1.181279310835805, 1.2212954933216338, 1.2970200682357813, 1.3000689349220806, 1.4208901086868764, 1.4655703221023941, 1.571322969619814, 1.6355188085413488, 1.640246068370459, 1.7553668741225579, 1.8951305008500299, 1.9241762122599084, 2.0071649138211, 2.0182947422857183, 2.130013010759683, 2.258614423488666, 2.248479807619617, 2.338251993380993, 2.474567845894228, 2.605509756013589, 2.5701262470357733, 2.8755336544813304, 2.8700178326058676, 3.014095932119915, 2.984802959729336, 3.1476271427785605, 3.3715612860244164, 3.3126926103922756, 3.4795382542552034, 3.645999898216928, 3.7121090539157535, 3.781976987764949, 3.689362585866604, 4.0610338798949215, 4.971010320704181, 4.218832650581135, 4.3847648167673015, 4.327874228980079, 4.477021949681102, 4.536689982537496, 4.766844204505901, 4.835820765090261, 4.90416246640001, 5.1874423293321, 5.137748012787654, 5.205871754314103, 5.652436394554513, 5.623156787622349, 5.676614508821956, 5.894431384563802, 5.898968957694706, 6.032486802894994, 6.133327130389773, 6.332886789940744, 6.396226725467841, 6.5965538707653195, 6.754089958788086, 6.7837916057724215, 7.07300933063209, 7.223051508934532, 7.349233773690912, 7.364680131166551, 7.607695522519975, 7.8300129593541214, 7.909481918847973, 7.965422530975729, 8.135595659927276, 8.295036325773822]

KNN1 

[0.03549762943032819, 0.03254026472860666, 0.03375292305145752, 0.034404746177093354, 0.03500310746908081, 0.03766540397355078, 0.0368249222618674, 0.037730175041240155, 0.03957769263866534, 0.03970260826920907, 0.040379620143390804, 0.04200352334045987, 0.042691330392589766, 0.04523642210790757, 0.04414867941560041, 0.0462038756745059, 0.04552532163204592, 0.04795526478258261, 0.048002557943117585, 0.04989891086935616, 0.05003410762175553, 0.051087408555846814, 0.051248822168977304, 0.05320891805071981, 0.05332098227894422, 0.05465187350313294, 0.05651172844678465, 0.05642793730366269, 0.05787397709263242, 0.05737225834608628, 0.05881829813505601, 0.0600412375797621, 0.06187333349440416, 0.06135413684070379, 0.06153508458535972, 0.06502089895045171, 0.06495818410713361, 0.06443487500469103, 0.06599863363890535, 0.06746009511065854, 0.06667615956917983, 0.0688151469712075, 0.06959291383957211, 0.07097778095350193, 0.07099577291674919, 0.07242330668637909, 0.07304788483909785, 0.07347712167656306, 0.07291217403060601, 0.07561919341514711, 0.07569167532422805, 0.07746157045164459, 0.07918828486726825, 0.0788906463895529, 0.07852001194666336, 0.08005703966405431, 0.08281597871396551, 0.08346420344695149, 0.08342821952045743, 0.0858314317541704, 0.08587255624159207, 0.08672434718731603, 0.08898516588333116, 0.08753552770171158, 0.08984672389481752, 0.09012482824100765, 0.09099563926216447, 0.09075557506684007, 0.09292746205880498, 0.09202169522333925, 0.09342712458098035, 0.09456524477037842, 0.09537128472384637, 0.09629041701772412, 0.09779351703299177, 0.09785263348366069, 0.09918712310049838, 0.09918815121268398, 0.10118731535747738, 0.1014628494232035, 0.1031438128465707, 0.10502371597784066, 0.10365015809795164, 0.10659569950953962, 0.1079060284900164, 0.1063294184534831, 0.10789934576080995, 0.10993809222474749, 0.11008511226728057, 0.11181799535601744, 0.11384080608107805, 0.1146334805761331, 0.11684649205551967, 0.1212483543779328, 0.12076771193119029, 0.12049114975327857, 0.12402991189592694, 0.12282290819009578, 0.12246306892515513]

KNN2

[0.13223681741704496, 0.14974762416125031, 0.15246646683592857, 0.16147324363739912, 0.16321795001627137, 0.15740243343873317, 0.1788889500044455, 0.2022831287304392, 0.17510858149819697, 0.18483760711001196, 0.18995554956966032, 0.18602353451603904, 0.18272278034434564, 0.2343422369562127, 0.1997159326031337, 0.21268813810425513, 0.210123512257411, 0.2216265454453854, 0.24662149484427331, 0.22243309945494616, 0.22489799841979163, 0.238851537002013, 0.2311792498173837, 0.23907772168283614, 0.28339398338467703, 0.28185644161119683, 0.25959678468195335, 0.3226802062187417, 0.333388508687289, 0.3698808366571349, 0.3969551429512883, 0.35124373301366063, 0.3675506203885952, 0.4381593090674869, 0.418498719743301, 0.4934121141430694, 0.47098384681539684, 0.4343825389538871, 0.3797836132283088, 0.44339908282112006, 0.4062857750912059, 0.7028036105243736, 0.5421173867650069, 0.49812446634551577, 0.5290603620085825, 0.6429721078304631, 0.4803802781351898, 0.4454074999755804, 0.4723270753858131, 0.4539105018061349, 0.5393162951154906, 0.4915779620040581, 0.44847333051288274, 0.436455727176039, 0.4522470162899239, 0.4784361179923238, 0.46767178340966353, 0.49766541425466926, 0.4927258492592159, 0.47457144428685893, 0.4944854632647875, 0.5114009930535559, 0.52203527144475, 0.4838789439025959, 0.5233260662936985, 0.5178158990352699, 0.5263086197439648, 0.4939770617890318, 0.5279284104922937, 0.5468826867450147, 0.5418690976722047, 0.5305254218729871, 0.542011491209891, 0.5674269384926731, 0.5633679515841408, 0.5325831884123531, 0.5561757927901638, 0.5414737885368623, 0.5829730228503109, 0.5789983411409878, 0.562835903528125, 0.5787659877870581, 0.6150948459193941, 0.5910442175629385, 0.6537791090688216, 0.6470012794856146, 0.5780483654815427, 0.6223188761911302, 0.5976554929720876, 0.6247318554906087, 0.6053442299516831, 0.6452509184897224, 0.6217117759455633, 0.6340835639303322, 0.603775330756541, 0.6235572373186216, 0.6794798574830949, 0.61906901357262, 0.6567719436409405]
